1.048305862342296946e+00
-9.077958563099626232e-01
-1.058775276432897483e+00
3.672132022822596209e-01
-7.570400130739537436e-01
-1.953753225009938477e-01
-6.233367510587205507e-01
2.971896686941565280e-01
9.959014873785535515e-01
8.789411983435298226e-02
6.121435118005190690e-01
-1.066370761762720942e+00
-8.179286432962538100e-01
-5.690557895466304972e-01
-9.948552559241431448e-01
8.529129669034799521e-01
-1.116728691641596660e-01
-4.563614743843500410e-01
5.795313099115817490e-01
7.698514917542232938e-01
-1.012184588577646149e+00
5.568831550797227470e-01
2.823257129916089125e-01
-8.858559174195759223e-01
-1.008940678980533967e+00
1.848788217090309161e-01
9.181174653608267233e-01
-9.666676687801644130e-01
8.066725920194813826e-01
6.382618492041804981e-01
-2.045499179864595368e-02
-8.859065131774230828e-01
1.072526378380344925e+00
1.061083995419529691e+00
9.631857876362358573e-01
6.928834978684490498e-01
9.240821900864816252e-01
-9.611308611615163588e-01
-7.342010504581328867e-01
-6.305959355881360917e-01
-7.596713626218175586e-01
8.570374240852692838e-01
-8.316355490634480541e-01
8.395044429146805154e-01
-9.278584217160102954e-01
-8.675266388128444195e-01
-1.925285293094403660e-01
-8.701739361544551521e-01
1.301905800907229849e-01
-6.636610742372796024e-01
4.751552850817417073e-02
5.557151853863248059e-01
8.170933418527533965e-01
1.355173523534068392e-01
-5.038838654140713746e-01
-7.449311164252414574e-01
-7.737336410737845060e-01
8.507246005243354614e-02
-4.255886112787360398e-01
-6.739674161398474528e-01
9.872522224031363702e-01
-6.651820040627507424e-01
9.501978816959347762e-01
-1.035541115288140634e+00
7.401385543871707995e-01
3.600897753818505520e-01
-2.013526172637200018e-01
5.910480538960273256e-01
7.975344906780276188e-01
3.999589266831239387e-01
-9.673538122515952242e-01
-1.044279697664413753e+00
-6.302077818666701470e-01
-7.929262015719786838e-01
2.775745092230910704e-01
-3.402342578470917145e-01
2.091110743333225164e-01
1.018983252340242229e+00
2.432286688559005539e-01
8.725843790832806812e-01
-8.971547722237267486e-01
-8.510560490936032174e-01
8.663509001184427349e-01
-5.522539380326806358e-01
6.409935549650942477e-01
4.110871521940857587e-01
-8.238622512460428426e-01
-1.093531772713798311e-01
1.046430019139226175e+00
3.455347828055021497e-01
-7.437984510872764909e-01
-1.825434933044828290e-01
-8.911087697675227348e-01
7.857924750011719972e-01
-5.372663558985054655e-01
-5.138580869106666726e-02
1.004251708050410974e+00
9.953833680388858296e-01
8.789043168644301574e-01
8.386354366074615374e-01
8.508676686852599813e-01
-5.007409042541645094e-01
-1.564898645854818221e-02
-5.650608889247027422e-02
3.307060170901434670e-01
4.058560474341639801e-01
-8.881852570670695224e-01
-5.449694568612274692e-02
-8.136897454511887728e-01
4.674598158587514041e-01
8.878833859046152410e-01
1.073894231803015353e+00
-4.883235375631230640e-02
8.483151141308944432e-01
6.116638731170588317e-01
-8.192833638523020490e-01
9.795958417225096859e-01
9.521995790719206543e-01
1.112216812103833941e-01
-1.977173112355006257e-01
-1.081328383862808939e+00
-9.362403598000101912e-01
9.476054391240968933e-01
-6.012375579076408849e-01
9.453698245680283163e-01
-9.880464510688371504e-01
3.784753194625855022e-01
-1.019319602732794650e+00
2.633084366398478204e-01
8.543164484729837138e-01
-5.986133647622882137e-01
7.628304620672141101e-03
-7.546544183146588480e-01
9.811123402969202933e-01
9.317998374765162906e-01
-7.852557802260781150e-01
1.000707079239624875e+00
-2.130246363748642124e-01
5.854739957114891702e-01
-1.026126696551470152e+00
-9.406635240363667161e-02
6.079048331013732209e-01
4.583757944574555210e-01
1.317181952778890830e-01
-9.991326115116806461e-01
6.028122990658238978e-01
4.564370974946823090e-01
7.592986533548811146e-01
7.092070389452932444e-01
-4.613360630503810650e-02
9.607372998410959042e-01
-5.761709961889374121e-01
-4.174851034186218279e-01
-2.312418767533126751e-01
8.974544480396806634e-01
-3.481662661620462673e-01
-3.725749473710485704e-01
6.777194743124130838e-01
-9.121008393483049925e-01
8.773988529872220887e-01
-8.456967826554958600e-01
9.464728525580707874e-01
5.984722249475981082e-01
-3.328109182267547927e-01
8.951468523716435977e-01
9.046960876914493799e-01
-4.623993135635941498e-01
-8.079644006188411165e-01
4.487236330807437001e-01
1.092993541864377693e+00
9.361039426909043559e-01
7.078554525011186982e-01
-8.765249172197070449e-01
-9.776596244850381812e-01
1.343270294750063543e-01
5.174142052519854484e-01
2.499774088431898911e-01
-9.477335585909972826e-01
-9.766300364736171802e-02
8.598658328136701279e-01
-1.632924635835713567e-01
9.522705681278763601e-01
3.692161640380327570e-01
9.379333543637708992e-01
5.691514826771969515e-01
8.300940921564048391e-01
-4.450446141632714014e-01
9.386496908441093190e-01
-1.045013878482449421e+00
1.029302547032059367e+00
4.028198016488088729e-01
2.899957966148599131e-01
5.917582713619571333e-01
-9.903033040124955555e-01
5.921131350726688281e-01
-2.403455441414601712e-01
1.006229542109656983e+00
-8.323435847063557214e-01
3.712153410990250979e-01
-6.800936831799276883e-01
-8.331910848883692378e-01
7.173449043868079453e-03
-9.462382715781869624e-01
-3.927149326766200543e-01
-4.811129054311252262e-01
1.034164885754361496e+00
-8.937392163987262217e-01
-9.475829654616825248e-01
-9.551027314433319093e-01
-4.833286267440810025e-01
-6.606279100340887167e-01
9.754307539718830578e-01
-6.787328359514777087e-02
-1.135697181640240444e-02
1.071399065972035380e+00
9.379250195807632418e-01
8.687938522862886925e-01
-3.023481348309448036e-01
1.056308314308846086e+00
-9.678506056947087099e-01
-6.665437009405658086e-01
-6.088621715327946493e-01
1.943731603957740695e-01
3.682171285444822417e-01
7.050660004473823239e-01
7.878024401664873722e-01
1.114914771731875809e-01
5.390244010137615893e-01
4.066813678653360964e-01
1.711085335548456210e-01
3.723573141470277736e-01
2.553042158481270141e-01
3.278063304831055347e-01
-7.559886099942816351e-01
-1.033138937901022736e+00
-9.157333146217919717e-01
-9.333611309710326820e-01
2.493926253846593666e-01
-3.875072630651336114e-01
3.734252916439275150e-01
7.700519841529873677e-01
-9.918316809775254983e-01
-1.878811818200951667e-01
3.248898955687561929e-01
-4.536414070150760480e-01
-8.242498697659150775e-01
-6.531277497524801134e-01
1.013815724842173971e+00
1.796138563739338723e-01
-9.592072410482217482e-01
6.992109247815482265e-01
-8.424496485596771889e-01
6.942602328126252775e-01
3.165295781590427016e-01
9.630076630118651337e-01
-7.466741644105228115e-01
-8.544855822904410259e-01
-8.181804829569306881e-01
-5.882653530732697700e-01
3.144375725476523109e-01
-6.754260922683291701e-01
-8.759239353824791463e-01
6.505592703682111511e-01
7.701161988331003405e-01
-1.818561039369440968e-01
-1.749447715360034628e-01
5.675951509488558200e-01
-3.509064355867507756e-01
-1.353594766233537638e-01
-2.680851403119758891e-01
6.071297439023929376e-01
-9.597038478696677810e-01
-8.757243188607520823e-01
-5.740939256752890518e-01
-2.449727192010257570e-01
-6.528156382569829663e-01
-1.097620722284769812e+00
-9.717303143536283327e-01
4.510382643930772872e-02
2.304951092226116549e-02
-3.801880076445096623e-01
9.236971483949216744e-01
-7.238074697147793835e-01
-3.361584949249506460e-01
-1.700093829244396781e-01
-8.860018902133284247e-01
7.349041517968110115e-01
7.484460719998590195e-01
-2.497526962818867324e-01
-2.463523448235999669e-01
-3.867033609252242821e-01
-4.791650086844007062e-01
1.046346165830007724e+00
-5.891705809284903950e-01
5.358420859003509840e-01
-8.947326502863747200e-01
-1.006098106590763486e+00
-9.871298409938534801e-01
2.619994178200631407e-01
1.003396752135413905e+00
-2.486979147715526473e-01
-5.944100353883544630e-01
9.940223052883840893e-01
-3.354704671002759486e-01
9.526855481780742707e-01
4.659767015521432132e-01
-1.491149598842909652e-01
-2.894482517526587029e-01
-3.686732109212869091e-01
-8.837880940103884919e-01
-8.787556726433303211e-01
1.790187125947559077e-01
-6.403904386659534653e-01
7.694489068914878160e-02
9.304712515633055681e-01
-9.839266560449010379e-01
8.777305803228138137e-01
-9.733984891636240366e-01
7.577915248008083582e-01
-6.000613134026023809e-01
-8.878918806899895877e-01
2.244021577797001843e-01
5.725156218152378518e-01
3.795674656101934163e-02
7.305701322296429545e-01
3.595073418891281403e-01
2.058796373435774762e-01
9.900760867591080761e-01
8.958177098863731036e-01
-8.866318361193857855e-01
-1.100081397192043786e+00
-1.107904717956541552e+00
-1.015343862232481076e+00
-4.745932104113770866e-01
-2.353278812511153950e-01
1.007887654051837112e+00
6.860050580456152902e-01
-6.443054048274868273e-02
-5.036249321176102800e-01
4.443275038813951916e-01
8.283015775719873020e-01
8.827946183071970765e-01
8.882557988818605699e-01
6.862974969534195724e-01
-3.714490347683825633e-02
-1.013384290502704621e+00
9.657766496073679763e-01
-9.997421412622349290e-01
-5.683197916154637541e-01
7.861304601939311798e-01
9.870259194482527976e-01
-5.130566906855310583e-01
-8.540472318608769431e-01
-5.505498391567557048e-01
-3.076015534188087930e-01
4.371395490902001968e-01
9.675985134396899445e-01
7.795465310330610409e-01
-2.190355800410225678e-02
7.505220580821183596e-01
1.426538457464843548e-02
-1.003899030289842731e+00
-4.024888628534040724e-01
3.214760479566990403e-01
-4.089840809535265631e-01
-4.956495516255731704e-01
1.018880494886035049e+00
-1.095927583538280903e-01
-9.738771971256748872e-01
-1.706433164520001489e-01
-9.552291342283921738e-01
-3.220319763178133288e-01
9.072068845159475536e-01
9.163337475389252695e-01
-8.289789985656156324e-01
-8.533613366647939680e-01
5.978204711688738238e-01
5.189596272812002642e-01
-9.012216006889687270e-01
-9.302302660141127388e-01
5.256567368118569838e-02
-8.438530522738779682e-01
1.007670530486378002e+00
-9.160051899700404343e-01
9.054796065843931929e-01
-2.302877189436703109e-01
2.607064532918451083e-01
2.848104156999490266e-01
2.377299382144617002e-01
-2.386246466363332597e-01
-3.982366275908285486e-02
-4.070281746981949667e-01
-1.013721576807450120e+00
-6.014803761251711345e-01
7.361462250580538269e-01
-9.535597653133414120e-01
-7.058942826281355831e-01
-7.577393346636199789e-01
1.082500165149370197e+00
1.022028523990542004e+00
5.268524423287948011e-01
3.755633637363395838e-01
-1.045776782464440391e+00
8.461418494238691634e-01
6.041809941264835171e-01
-1.034290352338020691e+00
7.703574253881422251e-01
4.677751518537970332e-01
1.126944074120620698e+00
7.100542123787827453e-01
2.264915693321985501e-01
4.772791559563007713e-01
-8.105549818433624987e-01
9.753493069343450728e-01
3.626094743831405620e-01
-4.799238920759125171e-01
7.107814510972735311e-01
-9.889278716578173700e-01
-5.898899764221335884e-01
-7.682265154753720182e-01
8.570553737923235493e-01
4.683611710462821653e-01
2.388841418516534365e-01
3.296911771961590354e-01
8.243186741275033702e-01
-3.161138301769882419e-01
8.890726214201712940e-01
-5.207264935850715037e-01
-9.037745608016729548e-01
6.095215682400674240e-01
2.755577628172280469e-01
-9.397674564441778067e-01
-1.859630285667845939e-02
7.617695163647679735e-01
7.205842354019393881e-01
9.826121428468779229e-01
9.202245138172825412e-01
-2.193279074294340880e-03
1.037037727176911783e+00
-4.537923434236148523e-01
7.240093227631023698e-01
-7.137941752608714108e-01
-8.945450846338398598e-01
-5.966418299761606647e-01
-6.934170109461179621e-01
8.522813361648058361e-01
-8.714977079095942436e-01
5.727655477008978258e-01
6.568290966237820550e-02
9.404193230353016242e-01
9.087667045907655838e-01
-5.555615017687377533e-01
5.144120595556594955e-01
-3.226036843529037634e-01
-7.100752794986916472e-01
4.416286556299653387e-01
9.717018535971531090e-01
-6.757703333251512401e-01
9.338505650103381406e-01
1.007904825234110069e+00
-5.344685965467659283e-01
-7.992239682480836160e-01
7.114997774579231438e-01
5.815271495317300143e-01
7.923831850390142817e-01
-2.628032073823687031e-02
1.122933301742923273e-01
9.804777937194950610e-01
-9.681765251208939160e-01
-5.986476257685544589e-01
5.750045220168232829e-01
8.332865433915999098e-01
-7.638877322761776778e-01
-1.020157172977270044e+00
9.150015322263891360e-01
-1.047925398267827157e+00
2.069765367078522655e-01
-8.181411493969733550e-01
9.296891006689118608e-01
3.027278560542306929e-01
-4.436989267488229416e-01
-4.998822448813538544e-01
-9.898483753821686326e-01
3.026979776726962945e-01
-1.045598549100629215e+00
-8.887056828898494132e-01
-4.689874300850619404e-01
-7.684341874037957654e-01
-6.126557206319345195e-01
1.696132095111724525e-01
8.071879006645090726e-01
-5.145258602377049684e-01
-8.361708744079257016e-01
8.641957417242028816e-01
-1.155559403539463820e-01
-1.074332296635222894e+00
6.270345231436201816e-01
-4.601658508152696725e-01
-7.117163386240117351e-01
3.193540020861701523e-02