2.391066130941130186e-03
5.771391353881438757e-01
7.731407321098586471e-02
8.878201206342160035e-01
7.513030651518707304e-01
1.046311873945611426e+00
7.685376797633647339e-01
8.371380117622120309e-01
2.903304343410598731e-01
9.255920953349131564e-01
7.107995440839636192e-01
4.936096828560567612e-02
5.275742397305720477e-01
9.314970497126372484e-01
3.197207955202966967e-01
4.487721429429174513e-01
1.024888033537884269e+00
1.015124830134097822e+00
7.777945794688917447e-01
7.538968105787489105e-01
3.372741578090238668e-01
8.534536647430863709e-01
9.982632413261579574e-01
4.897832668458688143e-01
3.078871058333427779e-01
9.161240119934384030e-01
3.499206090933314472e-01
3.356218320988644810e-01
4.658699580781560656e-01
7.515889208317956260e-01
9.181540552159213053e-01
3.817077525109702218e-01
1.133635205265546841e-01
-2.574161750573997209e-03
3.934394017084403838e-01
7.747001785163604159e-01
3.653745974177753375e-01
3.790885201035604779e-01
9.244891339850556111e-01
7.986224573824607376e-01
6.276063564821460217e-01
4.811919411760772203e-01
5.593454861219240293e-01
4.058901911312742250e-01
2.907168283864992597e-01
3.151931131057315594e-01
9.402874409848324122e-01
5.500517369987724114e-01
9.395545115514257750e-01
6.892615464674644032e-01
1.051705521647037900e+00
9.205452168169636629e-01
5.703867555860266947e-01
1.032589496145916108e+00
8.398468653216958346e-01
6.757460852040406696e-01
5.221583272888491445e-01
9.740446295731775006e-01
8.565319278045661067e-01
7.996835861154476532e-01
2.482792093248311904e-01
7.023241196292372424e-01
1.065954847497786184e-01
2.442272553670467028e-01
7.346561389292890487e-01
8.610265302789846809e-01
1.021561595909944664e+00
9.084016673318872082e-01
7.091107728634279406e-01
9.602226925594574691e-01
2.878158124659739858e-01
-9.049102277365086988e-02
7.335956824354629147e-01
6.602589531192243344e-01
9.546746569333500743e-01
8.848787174506222986e-01
1.048211611015514633e+00
-2.276796393921153017e-02
9.874247650763251505e-01
4.842155686581413598e-01
4.116890887012368272e-01
6.830804200835840501e-01
5.588545125993054086e-01
8.379343939527158502e-01
8.373824930838426051e-01
8.837637398470680195e-01
5.532840877588514061e-01
1.001484095522210183e+00
7.364036226980583133e-02
8.558417113219216610e-01
5.135861951808442516e-01
1.031648425606990660e+00
5.315750492262110161e-01
7.348116621785174551e-01
9.071887806775931207e-01
9.466871079194877359e-01
-3.045948947119966888e-02
1.654426430966901007e-01
3.987407083290804288e-01
7.005654327784069935e-01
1.127494179962674897e-01
8.519842306815319510e-01
1.061978389536649248e+00
9.496414766352004877e-01
1.046715701814005639e+00
8.989200557174132911e-01
4.845055986686370164e-01
1.068853308299608340e+00
5.321755794278875129e-01
9.027930481875343638e-01
1.822857233887174300e-01
9.654409874140525150e-02
9.734976782246399507e-01
5.527620045510275304e-01
6.940808597408170133e-01
7.076531381409485455e-01
2.871694314655723890e-01
1.303082342182891595e-01
9.338448486980441832e-01
9.813692057043702510e-01
3.683826227025854133e-02
2.551237894135950368e-01
2.507311144008688153e-01
7.893402530297172204e-01
4.431771339493533746e-01
3.271751574545933017e-01
8.870606434446013377e-01
1.768585618711885632e-01
9.738024668471058076e-01
5.771837535273861564e-01
7.737979263112804151e-01
1.023934590135326061e+00
6.012492158781760354e-01
2.755975214355211311e-01
3.249225155024082490e-01
7.507991024219654586e-01
2.614036826108674383e-01
1.001893770103841730e+00
7.942415968279898930e-01
-2.033548536083436276e-02
1.081440540354980717e+00
8.097949040971756940e-01
9.861744303410023837e-01
1.041235181554532430e+00
-3.276441786542027418e-03
8.067896996035227586e-01
8.654287536618663346e-01
5.342937699397236617e-01
7.240245289538098650e-01
1.033690158326185937e+00
-3.712158811427959670e-03
7.731499030902614367e-01
9.624763789103705225e-01
9.590953709417100459e-01
2.044744016075464854e-01
8.845850737820035725e-01
9.380031170786357064e-01
6.168812607525523406e-01
2.063248672239915149e-01
6.233590344293422625e-01
5.641246090537641589e-01
3.182822317328749540e-01
8.581066008152897773e-01
9.079704208514383090e-01
3.285964418455336600e-01
4.555717728568980385e-01
9.151183161818655654e-01
5.478331583993401033e-01
9.278807476150053857e-01
1.055663605293504295e-02
1.662029087123683690e-01
7.091901033224894402e-01
6.768927007125254969e-01
1.054699328270289477e-01
1.016644711596405903e+00
1.008055763962632190e+00
9.293396611979888311e-01
1.335126310105185787e-01
9.867548088367867898e-01
6.552396678647285366e-01
9.884547662623698328e-01
3.839593015519661701e-01
8.491111268503559462e-01
-4.836966051466073946e-02
7.832249842686044294e-01
4.710140116252709563e-01
9.014335765694526659e-01
2.382361258346831490e-01
2.559358531521028768e-01
1.017376766301494317e-01
8.975814329893957444e-01
8.086636697780023031e-01
7.500256134834729638e-01
3.766076002463787931e-01
8.308607068891791236e-01
9.174413607812944571e-01
2.383550199024440375e-01
4.800010185374383731e-01
9.577072464179799960e-01
6.276674415030495391e-01
4.481252411631277965e-01
1.004716202961714266e+00
3.511253014096786806e-01
9.286313523054890995e-01
8.303182720060038324e-01
1.536101932942722237e-01
3.851876627305008127e-01
4.248677287181072959e-01
1.289728955437144942e-01
7.893044104765467583e-01
6.579482210829713518e-01
4.954142788503974187e-02
9.276274793229595250e-01
9.868971253278358002e-01
2.343304491407205148e-01
3.156636741706273508e-01
5.214883971724232348e-01
8.927267669816827400e-01
1.884950801903766959e-01
4.652459081651067474e-01
8.667033775673856910e-01
7.596345933302652842e-01
9.990078523379586350e-01
9.068212873600499657e-01
7.888248554759774711e-01
6.767447363060160592e-01
1.057216579203201112e+00
8.224020581015810683e-01
8.394202897212058589e-01
9.389674767203134431e-01
9.166854224162209741e-01
1.006183494657828970e+00
9.482896033066817720e-01
5.954188145523144904e-01
1.255936052181468310e-01
5.734636219804467583e-01
1.895853726350565649e-01
9.840979581588237268e-01
9.208240579759155997e-01
9.507514555846616755e-01
6.435673459926112283e-01
3.165234764324671990e-01
9.321393935190579461e-01
9.636992610758688960e-01
8.387440782515978022e-01
6.598046189063235811e-01
6.703081456197113042e-01
1.388432066270748610e-01
9.352988721204409384e-01
1.028646823900505464e-01
8.189003119678511800e-01
5.443768798772307127e-01
6.983144081997628705e-01
9.663776090999145474e-01
6.772659711617959322e-03
5.756704911172861872e-01
5.445898497459462639e-01
4.845095683642658968e-01
8.605714216940052452e-01
9.433166995149222522e-01
7.398353783351929724e-01
4.416142581979237702e-01
7.419219780665113895e-01
6.521845892248471221e-01
9.400697414637591010e-01
9.702596679402243351e-01
7.253654301730071419e-01
9.352449320526761145e-01
9.733091802503388568e-01
9.514029412157136711e-01
7.795218859778347831e-01
2.949226886289939009e-01
3.954994407045602234e-01
7.510932049188777659e-01
8.833691936119054677e-01
8.438012439022934963e-01
8.220879331987364369e-02
1.691542981053185124e-01
1.035025053276756868e+00
8.897743280073940886e-01
8.804853792126083878e-01
4.818262793280632117e-01
7.595983262455132667e-01
9.989765273053734518e-01
9.647500899923328044e-01
2.407339243637924842e-01
4.923053604488799029e-01
7.791316683126322529e-01
9.867494929632395495e-01
9.576371114662466377e-01
9.018222415151223581e-01
9.084193195519351116e-01
1.350376689366951932e-01
7.649416644827453649e-01
7.792408464647019306e-01
4.652101069721237964e-02
2.329556395326062845e-01
1.153839629791018340e-01
9.589588688285471951e-01
1.487537837461053447e-01
9.222035090740059449e-01
7.370441225754629233e-01
4.096651446959095888e-01
9.423165817842947822e-01
9.778906719619628873e-02
9.135292246369122182e-01
9.928080607011822156e-01
9.065048513521842821e-01
9.479801168063290984e-01
3.631621665989840930e-01
5.124310899590693857e-01
9.410856553761928200e-01
6.556347293885538274e-01
1.042762863208064328e+00
5.318809854176205221e-01
2.566170380164197740e-01
4.921288407884648608e-01
3.480990545219500021e-01
7.615334664783895979e-01
7.783233583691659963e-01
5.174801039581203854e-01
1.060947090700306683e+00
7.178371024578116266e-01
9.727010237568907147e-01
6.537069297307509519e-01
9.022069988689321862e-01
1.040044681608405686e+00
4.284591187693286840e-01
3.899234724718481093e-01
3.736698815783435212e-01
-2.253957095932530505e-02
3.255406535686319325e-01
1.868341280869298682e-01
9.627123597040317948e-01
1.000979816981846016e+00
1.646448044187267534e-01
7.678448087632682162e-01
1.014156703614341071e+00
7.975322376846925021e-01
8.619745284839674948e-01
5.393739647230150203e-01
3.801926703272923147e-01
4.187862994320592502e-01
5.706046889039380066e-01
1.054404291894548873e+00
8.008690360821067722e-02
1.000259178085820960e-02
3.117298861975603685e-01
8.145227873461263757e-01
6.039950129640938581e-01
2.715765281838011802e-01
9.077553282867500961e-01
7.073503194383934378e-02
8.509940289422768256e-01
9.598748039379675356e-01
8.820589237766990331e-01
8.646721965318057701e-02
5.490448437089914258e-01
9.620449961006927175e-01
7.032602915750634232e-01
9.843867215411974403e-01
4.417049472780678609e-01
8.800734266197052236e-01
9.354009318767265713e-01
9.516377911996759531e-01
9.168580605876552880e-01
-4.089620377795699646e-03
1.000127177705825376e+00
2.638184085406143908e-01
1.028953922780275976e+00
3.534809918333784995e-01
9.542530970310095784e-01
6.131617316602339107e-01
2.279414622335991791e-01
4.153167475683914311e-01
6.020255169209530743e-01
7.110451782819707800e-01
9.497760273319704183e-01
2.481950314289401993e-01
3.464697146148786877e-01
1.101818030771727353e+00
6.882032986794466289e-01
4.261767439138638980e-01
6.368805939567732111e-01
2.466577430913147184e-01
9.443558286104727362e-01
9.466686542397905191e-01
1.018276767744497935e+00
9.552326781342885820e-01
1.016404424289765851e+00
9.645750429954454974e-01
8.633684450922288756e-01
4.107067182624426355e-02
7.842992483183424124e-01
6.765158639780463057e-01
5.164000782935455891e-02
8.525092909146582132e-01
5.604927536819270806e-01
2.596235738739690047e-01
-4.470502057684351549e-03
8.164880423886454741e-01
9.562084889849130631e-01
3.578129501947022728e-01
4.761056705770974062e-01
8.683432758590693412e-01
8.355165212940332542e-02
5.125858174671880096e-01
9.515256612054838747e-01
-2.886615530810662106e-02
7.597600816037713978e-01
9.825708487396003221e-01
9.037046731685539624e-01
4.910486961533427896e-01
3.163308301261164024e-01
8.466267874331733223e-01
8.427054713964837740e-01
6.464175694165078534e-01
8.569246760341379943e-02
8.055988755893085385e-01
5.817227696255036218e-01
4.728613875373023911e-01
8.906847076833775967e-01
1.016189301540599610e+00
9.993568668259477095e-01
5.672414733785579033e-01
9.789344043305920895e-01
4.647277872821847788e-01
8.956788930399371962e-01
2.443911893622693898e-01
6.347041056972315687e-01
9.209092632603839146e-01
1.048531294420640414e-01
1.011203104461152247e+00
6.686381041195350594e-01
6.962425126547132637e-01
1.604162866277076549e-01
5.408379493305485175e-01
9.889723045734705176e-01
8.055866503561628922e-02
8.648683796959931724e-01
7.506780927343387200e-01
6.481871153360438953e-01
1.582926961505613517e-01
8.393522790440172132e-01
6.983998186986937196e-01
5.183311246082206170e-01
4.706718917705620120e-01
8.003978703393448413e-01
9.760683134982871545e-01
4.933301923498649710e-01
2.800639194437885005e-01
8.346717507878316233e-01
8.699013777221024091e-01
9.405272949587198950e-01
6.891091269674385345e-01
8.910330306118192656e-01
3.410722406394764983e-01
6.814732380035530834e-01
5.520400888136963724e-01
2.309586810238504484e-01
8.725521328210759098e-01
6.095486446687484738e-01
7.756354221780961122e-01
8.534911418704991259e-01
5.182630638542579105e-01
9.030548895408498922e-01
1.047765018764489575e+00
3.950489068719030272e-01
3.502608897687057438e-02
8.261695363733047026e-01
8.802244471925635416e-01
5.191349938720811741e-01
5.970072056512176761e-01
1.415696445542367343e-01
4.354239179056327291e-01
5.342353030189610913e-02
9.427045775733574606e-01
5.151248669578768480e-01
7.203898844381539934e-02
8.241134968174766984e-01
8.852617110608645978e-01
8.708619410946862871e-01
3.112026966219341162e-01
9.562314084235503664e-01
1.173616402787653612e-01
3.447485650809429814e-01
8.573195758504278396e-01
6.838890580267263930e-01
6.261828187197249207e-01
1.056019624543238944e+00
6.439462985468558109e-01
8.220874073613761990e-01
6.209204030813999520e-01
4.882154839887823949e-01
1.018636516600647912e+00
8.384006688800568763e-02
6.440231997705369027e-01
8.723643767042408292e-01
7.131741426239918136e-01
1.110750366204825257e+00