-1.000000000000000000e+00
-9.959919839679358677e-01
-9.919839679358717355e-01
-9.879759519038076032e-01
-9.839679358717434710e-01
-9.799599198396793387e-01
-9.759519038076152064e-01
-9.719438877755510742e-01
-9.679358717434869419e-01
-9.639278557114228096e-01
-9.599198396793586774e-01
-9.559118236472945451e-01
-9.519038076152304129e-01
-9.478957915831662806e-01
-9.438877755511022594e-01
-9.398797595190381271e-01
-9.358717434869739948e-01
-9.318637274549098626e-01
-9.278557114228457303e-01
-9.238476953907815981e-01
-9.198396793587174658e-01
-9.158316633266533335e-01
-9.118236472945892013e-01
-9.078156312625250690e-01
-9.038076152304609368e-01
-8.997995991983968045e-01
-8.957915831663326722e-01
-8.917835671342685400e-01
-8.877755511022044077e-01
-8.837675350701402754e-01
-8.797595190380761432e-01
-8.757515030060120109e-01
-8.717434869739478787e-01
-8.677354709418837464e-01
-8.637274549098196141e-01
-8.597194388777554819e-01
-8.557114228456914606e-01
-8.517034068136273284e-01
-8.476953907815631961e-01
-8.436873747494990639e-01
-8.396793587174349316e-01
-8.356713426853707993e-01
-8.316633266533066671e-01
-8.276553106212425348e-01
-8.236472945891784025e-01
-8.196392785571142703e-01
-8.156312625250501380e-01
-8.116232464929860058e-01
-8.076152304609218735e-01
-8.036072144288577412e-01
-7.995991983967936090e-01
-7.955911823647294767e-01
-7.915831663326653445e-01
-7.875751503006012122e-01
-7.835671342685370799e-01
-7.795591182364729477e-01
-7.755511022044088154e-01
-7.715430861723446831e-01
-7.675350701402805509e-01
-7.635270541082164186e-01
-7.595190380761522864e-01
-7.555110220440881541e-01
-7.515030060120240218e-01
-7.474949899799598896e-01
-7.434869739478957573e-01
-7.394789579158316251e-01
-7.354709418837674928e-01
-7.314629258517033605e-01
-7.274549098196392283e-01
-7.234468937875750960e-01
-7.194388777555109638e-01
-7.154308617234469425e-01
-7.114228456913828103e-01
-7.074148296593186780e-01
-7.034068136272545457e-01
-6.993987975951904135e-01
-6.953907815631262812e-01
-6.913827655310621489e-01
-6.873747494989980167e-01
-6.833667334669338844e-01
-6.793587174348697522e-01
-6.753507014028056199e-01
-6.713426853707414876e-01
-6.673346693386773554e-01
-6.633266533066133341e-01
-6.593186372745492019e-01
-6.553106212424850696e-01
-6.513026052104209374e-01
-6.472945891783568051e-01
-6.432865731462926728e-01
-6.392785571142285406e-01
-6.352705410821644083e-01
-6.312625250501002760e-01
-6.272545090180361438e-01
-6.232464929859720115e-01
-6.192384769539078793e-01
-6.152304609218437470e-01
-6.112224448897796147e-01
-6.072144288577154825e-01
-6.032064128256513502e-01
-5.991983967935872180e-01
-5.951903807615230857e-01
-5.911823647294589534e-01
-5.871743486973948212e-01
-5.831663326653306889e-01
-5.791583166332665567e-01
-5.751503006012024244e-01
-5.711422845691382921e-01
-5.671342685370741599e-01
-5.631262525050100276e-01
-5.591182364729458953e-01
-5.551102204408817631e-01
-5.511022044088176308e-01
-5.470941883767534986e-01
-5.430861723446893663e-01
-5.390781563126252340e-01
-5.350701402805611018e-01
-5.310621242484969695e-01
-5.270541082164328373e-01
-5.230460921843687050e-01
-5.190380761523045727e-01
-5.150300601202404405e-01
-5.110220440881764192e-01
-5.070140280561122870e-01
-5.030060120240481547e-01
-4.989979959919840224e-01
-4.949899799599198902e-01
-4.909819639278557579e-01
-4.869739478957916257e-01
-4.829659318637274934e-01
-4.789579158316633611e-01
-4.749498997995992289e-01
-4.709418837675350966e-01
-4.669338677354709644e-01
-4.629258517034068321e-01
-4.589178356713426998e-01
-4.549098196392785676e-01
-4.509018036072144353e-01
-4.468937875751503030e-01
-4.428857715430861708e-01
-4.388777555110220385e-01
-4.348697394789580173e-01
-4.308617234468938850e-01
-4.268537074148297528e-01
-4.228456913827656205e-01
-4.188376753507014882e-01
-4.148296593186373560e-01
-4.108216432865732237e-01
-4.068136272545090915e-01
-4.028056112224449592e-01
-3.987975951903808269e-01
-3.947895791583166947e-01
-3.907815631262525624e-01
-3.867735470941884302e-01
-3.827655310621242979e-01
-3.787575150300601656e-01
-3.747494989979960334e-01
-3.707414829659319011e-01
-3.667334669338677688e-01
-3.627254509018036366e-01
-3.587174348697395043e-01
-3.547094188376753721e-01
-3.507014028056112398e-01
-3.466933867735471075e-01
-3.426853707414829753e-01
-3.386773547094188430e-01
-3.346693386773547108e-01
-3.306613226452906895e-01
-3.266533066132265573e-01
-3.226452905811624250e-01
-3.186372745490982927e-01
-3.146292585170341605e-01
-3.106212424849700282e-01
-3.066132264529058959e-01
-3.026052104208417637e-01
-2.985971943887776314e-01
-2.945891783567134992e-01
-2.905811623246493669e-01
-2.865731462925852346e-01
-2.825651302605211024e-01
-2.785571142284569701e-01
-2.745490981963928379e-01
-2.705410821643287056e-01
-2.665330661322645733e-01
-2.625250501002004411e-01
-2.585170340681363088e-01
-2.545090180360721765e-01
-2.505010020040080443e-01
-2.464929859719439120e-01
-2.424849699398797798e-01
-2.384769539078156475e-01
-2.344689378757515152e-01
-2.304609218436874940e-01
-2.264529058116233617e-01
-2.224448897795592295e-01
-2.184368737474950972e-01
-2.144288577154309650e-01
-2.104208416833668327e-01
-2.064128256513027004e-01
-2.024048096192385682e-01
-1.983967935871744359e-01
-1.943887775551103037e-01
-1.903807615230461714e-01
-1.863727454909820391e-01
-1.823647294589179069e-01
-1.783567134268537746e-01
-1.743486973947896423e-01
-1.703406813627255101e-01
-1.663326653306613778e-01
-1.623246492985972456e-01
-1.583166332665331133e-01
-1.543086172344689810e-01
-1.503006012024048488e-01
-1.462925851703407165e-01
-1.422845691382765843e-01
-1.382765531062124520e-01
-1.342685370741483197e-01
-1.302605210420841875e-01
-1.262525050100201662e-01
-1.222444889779560340e-01
-1.182364729458919017e-01
-1.142284569138277694e-01
-1.102204408817636372e-01
-1.062124248496995049e-01
-1.022044088176353727e-01
-9.819639278557124040e-02
-9.418837675350710814e-02
-9.018036072144297588e-02
-8.617234468937884362e-02
-8.216432865731471136e-02
-7.815631262525057910e-02
-7.414829659318644683e-02
-7.014028056112231457e-02
-6.613226452905818231e-02
-6.212424849699405005e-02
-5.811623246492991779e-02
-5.410821643286578553e-02
-5.010020040080165327e-02
-4.609218436873752101e-02
-4.208416833667338874e-02
-3.807615230460925648e-02
-3.406813627254512422e-02
-3.006012024048099196e-02
-2.605210420841685970e-02
-2.204408817635283846e-02
-1.803607214428870620e-02
-1.402805611222457394e-02
-1.002004008016044168e-02
-6.012024048096309414e-03
-2.004008016032177153e-03
2.004008016031955108e-03
6.012024048096087370e-03
1.002004008016021963e-02
1.402805611222435189e-02
1.803607214428848415e-02
2.204408817635261641e-02
2.605210420841674868e-02
3.006012024048088094e-02
3.406813627254501320e-02
3.807615230460914546e-02
4.208416833667327772e-02
4.609218436873740998e-02
5.010020040080154224e-02
5.410821643286567451e-02
5.811623246492980677e-02
6.212424849699393903e-02
6.613226452905807129e-02
7.014028056112220355e-02
7.414829659318633581e-02
7.815631262525046807e-02
8.216432865731460033e-02
8.617234468937873260e-02
9.018036072144286486e-02
9.418837675350699712e-02
9.819639278557112938e-02
1.022044088176352616e-01
1.062124248496993939e-01
1.102204408817635262e-01
1.142284569138276584e-01
1.182364729458917907e-01
1.222444889779559229e-01
1.262525050100200552e-01
1.302605210420839654e-01
1.342685370741480977e-01
1.382765531062122299e-01
1.422845691382763622e-01
1.462925851703404945e-01
1.503006012024046267e-01
1.543086172344687590e-01
1.583166332665328913e-01
1.623246492985970235e-01
1.663326653306611558e-01
1.703406813627252880e-01
1.743486973947894203e-01
1.783567134268535526e-01
1.823647294589176848e-01
1.863727454909818171e-01
1.903807615230459493e-01
1.943887775551100816e-01
1.983967935871742139e-01
2.024048096192383461e-01
2.064128256513024784e-01
2.104208416833666107e-01
2.144288577154307429e-01
2.184368737474948752e-01
2.224448897795590074e-01
2.264529058116231397e-01
2.304609218436872720e-01
2.344689378757514042e-01
2.384769539078155365e-01
2.424849699398796687e-01
2.464929859719438010e-01
2.505010020040079333e-01
2.545090180360720655e-01
2.585170340681361978e-01
2.625250501002003300e-01
2.665330661322644623e-01
2.705410821643285946e-01
2.745490981963927268e-01
2.785571142284568591e-01
2.825651302605209914e-01
2.865731462925851236e-01
2.905811623246492559e-01
2.945891783567133881e-01
2.985971943887775204e-01
3.026052104208416527e-01
3.066132264529057849e-01
3.106212424849699172e-01
3.146292585170340494e-01
3.186372745490981817e-01
3.226452905811623140e-01
3.266533066132264462e-01
3.306613226452905785e-01
3.346693386773544887e-01
3.386773547094186210e-01
3.426853707414827532e-01
3.466933867735468855e-01
3.507014028056110178e-01
3.547094188376751500e-01
3.587174348697392823e-01
3.627254509018034145e-01
3.667334669338675468e-01
3.707414829659316791e-01
3.747494989979958113e-01
3.787575150300599436e-01
3.827655310621240758e-01
3.867735470941882081e-01
3.907815631262523404e-01
3.947895791583164726e-01
3.987975951903806049e-01
4.028056112224447372e-01
4.068136272545088694e-01
4.108216432865730017e-01
4.148296593186371339e-01
4.188376753507012662e-01
4.228456913827653985e-01
4.268537074148295307e-01
4.308617234468936630e-01
4.348697394789577952e-01
4.388777555110219275e-01
4.428857715430860598e-01
4.468937875751501920e-01
4.509018036072143243e-01
4.549098196392784565e-01
4.589178356713425888e-01
4.629258517034067211e-01
4.669338677354708533e-01
4.709418837675349856e-01
4.749498997995991179e-01
4.789579158316632501e-01
4.829659318637273824e-01
4.869739478957915146e-01
4.909819639278556469e-01
4.949899799599197792e-01
4.989979959919839114e-01
5.030060120240480437e-01
5.070140280561121759e-01
5.110220440881763082e-01
5.150300601202404405e-01
5.190380761523045727e-01
5.230460921843687050e-01
5.270541082164328373e-01
5.310621242484969695e-01
5.350701402805611018e-01
5.390781563126250120e-01
5.430861723446891443e-01
5.470941883767532765e-01
5.511022044088174088e-01
5.551102204408815410e-01
5.591182364729456733e-01
5.631262525050098056e-01
5.671342685370739378e-01
5.711422845691380701e-01
5.751503006012022023e-01
5.791583166332663346e-01
5.831663326653304669e-01
5.871743486973945991e-01
5.911823647294587314e-01
5.951903807615228637e-01
5.991983967935869959e-01
6.032064128256511282e-01
6.072144288577152604e-01
6.112224448897793927e-01
6.152304609218435250e-01
6.192384769539076572e-01
6.232464929859717895e-01
6.272545090180359217e-01
6.312625250501000540e-01
6.352705410821641863e-01
6.392785571142283185e-01
6.432865731462924508e-01
6.472945891783565830e-01
6.513026052104207153e-01
6.553106212424848476e-01
6.593186372745489798e-01
6.633266533066131121e-01
6.673346693386772444e-01
6.713426853707413766e-01
6.753507014028055089e-01
6.793587174348696411e-01
6.833667334669337734e-01
6.873747494989979057e-01
6.913827655310620379e-01
6.953907815631261702e-01
6.993987975951903024e-01
7.034068136272544347e-01
7.074148296593185670e-01
7.114228456913826992e-01
7.154308617234468315e-01
7.194388777555109638e-01
7.234468937875750960e-01
7.274549098196392283e-01
7.314629258517033605e-01
7.354709418837674928e-01
7.394789579158316251e-01
7.434869739478957573e-01
7.474949899799596675e-01
7.515030060120237998e-01
7.555110220440879321e-01
7.595190380761520643e-01
7.635270541082161966e-01
7.675350701402803288e-01
7.715430861723444611e-01
7.755511022044085934e-01
7.795591182364727256e-01
7.835671342685368579e-01
7.875751503006009901e-01
7.915831663326651224e-01
7.955911823647292547e-01
7.995991983967933869e-01
8.036072144288575192e-01
8.076152304609216515e-01
8.116232464929857837e-01
8.156312625250499160e-01
8.196392785571140482e-01
8.236472945891781805e-01
8.276553106212423128e-01
8.316633266533064450e-01
8.356713426853705773e-01
8.396793587174347095e-01
8.436873747494988418e-01
8.476953907815629741e-01
8.517034068136271063e-01
8.557114228456912386e-01
8.597194388777553709e-01
8.637274549098195031e-01
8.677354709418836354e-01
8.717434869739477676e-01
8.757515030060118999e-01
8.797595190380760322e-01
8.837675350701401644e-01
8.877755511022042967e-01
8.917835671342684289e-01
8.957915831663325612e-01
8.997995991983966935e-01
9.038076152304608257e-01
9.078156312625249580e-01
9.118236472945890903e-01
9.158316633266532225e-01
9.198396793587173548e-01
9.238476953907814870e-01
9.278557114228456193e-01
9.318637274549097516e-01
9.358717434869738838e-01
9.398797595190380161e-01
9.438877755511021483e-01
9.478957915831662806e-01
9.519038076152301908e-01
9.559118236472943231e-01
9.599198396793584553e-01
9.639278557114225876e-01
9.679358717434867199e-01
9.719438877755508521e-01
9.759519038076149844e-01
9.799599198396791166e-01
9.839679358717432489e-01
9.879759519038073812e-01
9.919839679358715134e-01
9.959919839679356457e-01
1.000000000000000000e+00