9.053279364343637114e-01
5.819709564465850304e-01
7.144053271790542503e-01
5.826323661474377413e-01
8.483295871143305966e-01
5.953375080009207787e-01
7.530467315627393798e-01
8.104070736500443850e-01
8.071774870926675671e-01
4.966043287723208022e-01
6.119945570250551192e-01
6.864538663876333935e-01
5.859269094062911076e-01
5.376966712558857164e-01
5.025056677807618888e-01
4.418299958244121250e-01
4.732125128152470661e-01
5.176581387141412360e-01
7.222881710907957942e-01
7.026733083188226869e-01
6.605279335460643164e-01
5.902340649440270814e-01
4.078777614815179420e-01
6.152880695696996138e-01
3.479417691029701443e-01
3.223135359703041547e-01
4.605383198939485556e-01
3.179884000070568040e-01
3.348550194820150150e-01
2.354261613153701971e-01
2.098918695976212945e-01
2.521712196243238724e-01
4.903790628613352576e-01
4.949431226627503677e-01
1.307745988228415368e-01
2.119115038452080713e-01
3.717180396106558593e-01
2.464614627969465843e-01
3.195443493500234600e-01
1.591919360397901495e-01
1.520832834444720560e-01
1.156580536059800823e-01
1.678490610675224259e-01
2.088280231439207657e-01
1.078828492030926567e-01
-3.569490884653575558e-02
-7.267539355577867788e-02
1.922734421420714268e-01
1.406541687106064309e-01
3.870282541095140805e-02
-1.425022478666949921e-01
-5.631805469965618649e-03
1.598435342796827308e-01
-2.753056659316974186e-02
-1.730324824089273517e-01
1.191566747501174028e-01
1.540811869376717824e-01
4.872511959680633775e-02
-1.779729424558702533e-01
4.695090614569294440e-02
-1.655688504873782940e-01
-2.060331404524324839e-01
-2.020144565019700855e-01
-3.101387336651774129e-01
-3.271576400849772748e-01
-1.631906700776048214e-01
-1.790195475530214908e-01
-3.760334307919021013e-01
-2.129933937457468285e-01
-1.034293387234692663e-01
-3.280927557219099899e-01
-2.318497819492717771e-01
-1.039035094323821351e-01
-4.588302501111322096e-01
-3.004582157932501607e-01
-4.691125105406422358e-01
-3.047716755594699345e-01
-2.610466315888623767e-01
-5.495455811378131550e-01
-2.365597191582787251e-01
-2.319993671529085311e-01
-2.575735343176404069e-01
-6.037178862006337132e-01
-4.484600791877275672e-01
-6.679624691644767687e-01
-6.505177813874093440e-01
-5.011626980219865413e-01
-6.741963309394460868e-01
-3.926369915243351216e-01
-4.534044637848696491e-01
-5.417709531817835877e-01
-5.401854827410249582e-01
-5.292815108577755279e-01
-7.520956749743971104e-01
-6.461839409545344637e-01
-6.538548672915834858e-01
-4.516423765020696757e-01
-5.164216110366042223e-01
-8.136977637798810115e-01
-6.078892813175240661e-01
-5.943057568547078784e-01
-8.787519496978114519e-01
-8.916119571150220580e-01
-6.333838509038691722e-01
-6.299581100487436913e-01
-6.091085622686884804e-01
-6.143109470888310497e-01
-8.927149207980407120e-01
-7.270960922939747606e-01
-9.529991608111725299e-01
-8.561549962981545026e-01
-7.065371548248379208e-01
-8.605137007169362251e-01
-7.295301954555044599e-01
-6.859900039770575608e-01
-7.513460857322112885e-01
-6.659143097172118830e-01
-9.600016752899160899e-01
-7.881095439795494650e-01
-9.025031517194805897e-01
-8.083604174961659394e-01
-1.022552024605922538e+00
-8.078442961623321095e-01
-7.489380816526005624e-01
-1.070479382402985236e+00
-8.264589551040693038e-01
-9.967575924957046141e-01
-9.416249942226315728e-01
-8.408760063308062804e-01
-1.030462536065942736e+00
-8.361529050227936022e-01
-1.022241718451529557e+00
-9.678624946344922542e-01
-8.487313973771892783e-01
-1.077390016476021062e+00
-8.912539705916453503e-01
-1.001199156846159344e+00
-8.086715012681366943e-01
-8.508195286527524548e-01
-1.103604563866655619e+00
-9.935207996338127900e-01
-1.116251751652093560e+00
-9.641592274965828935e-01
-9.471358157887357354e-01
-1.152952339717307595e+00
-1.166026526966833288e+00
-1.160151642366927138e+00
-1.177326620085860975e+00
-1.138340436597954364e+00
-9.007234868373896752e-01
-1.043441882040898161e+00
-8.732257462139065840e-01
-9.555860074093160961e-01
-8.408093458550889299e-01
-8.712504315744080685e-01
-8.837125673732478814e-01
-9.874164098693027913e-01
-9.567092279555899914e-01
-1.018414317206483677e+00
-9.757535556578071922e-01
-9.900150149818212064e-01
-9.256992123074323509e-01
-1.039431592210630084e+00
-8.885244466858367440e-01
-1.028396127866972654e+00
-9.972408456506871577e-01
-1.070738575993818831e+00
-1.053321719416521196e+00
-1.151315174227331983e+00
-7.884583919473040492e-01
-8.570092594777602990e-01
-1.005913080187955666e+00
-1.002380718442059671e+00
-8.383418805082583081e-01
-1.082934317215497710e+00
-9.107648425306412721e-01
-1.106715172902771549e+00
-7.822577044959221348e-01
-7.496866845201899388e-01
-9.679646973123231524e-01
-9.837338335468389650e-01
-9.516530365976086925e-01
-7.720231613458681252e-01
-8.649886602736034380e-01
-9.352803743061031128e-01
-8.558301337353202420e-01
-6.571014279606393060e-01
-7.572949236633379488e-01
-9.075637699410539216e-01
-7.662727012652480463e-01
-9.886916997785377692e-01
-8.448852171572835967e-01
-9.619891839799654676e-01
-8.190019234028966810e-01
-9.290631148040904286e-01
-9.574963959901210409e-01
-7.500807313246187213e-01
-6.075575893268034822e-01
-7.009539447538053469e-01
-8.382817688146979584e-01
-8.496457420505048042e-01
-7.469050654986326698e-01
-6.716393662293352884e-01
-8.059354810453069895e-01
-5.774401004742264476e-01
-7.657667517238463395e-01
-8.316411515071471250e-01
-4.514236310062268998e-01
-6.389223666794512368e-01
-7.611186369551454778e-01
-5.918993554179464711e-01
-4.069871284320746851e-01
-6.703435466141912658e-01
-4.595346548632370798e-01
-6.500040725316083012e-01
-3.957675335484756030e-01
-5.111256859884238946e-01
-5.610742569863484963e-01
-6.322204384174572311e-01
-2.904040408786268679e-01
-4.052875404966954642e-01
-5.739367896501945676e-01
-4.854256781997917658e-01
-5.651461389507839161e-01
-5.620146975076321105e-01
-4.713341857673034596e-01
-4.602073983842736027e-01
-3.157336418884247875e-01
-3.856270725985646575e-01
-3.983608717826859769e-01
-3.728918084410155487e-01
-3.598543873049220299e-01
-2.188474971177938322e-01
-3.029279666486571765e-01
-5.794041158201163055e-02
-7.520677469678838101e-02
-3.707874045102017568e-01
-2.500912973261233407e-01
-8.560482496905313932e-02
-3.568456574496747247e-01
-1.506063067545650169e-01
-3.324945913508366990e-01
-1.950182923596715523e-01
-1.087508896830321620e-01
-1.448798543179327103e-01
-1.925615105855119080e-01
-6.133489321556479662e-02
2.760327904548409012e-02
-1.190390431501122115e-01
-6.354739945607804086e-02
4.414253211954632938e-02
-1.436790933490625644e-01
-5.254796765206464632e-02
-1.982087670247618255e-02
5.224762827314376190e-02
9.327836160302925561e-02
3.016906652032558811e-01
2.118517381368262287e-02
2.311078473165342761e-01
6.242088254502897726e-02
1.480575667268140549e-01
3.306441053819863529e-01
3.218368484914228556e-01
3.867181982282344999e-01
5.339739067778437320e-02
3.599797554552136569e-01
1.185719761373209002e-01
3.013377981279070639e-01
4.914156213951277330e-01
1.688108752563442783e-01
3.255888522559524656e-01
2.971159252112569038e-01
3.443442681057315435e-01
5.229277244853757223e-01
3.611487637950634988e-01
5.223212946236720500e-01
2.926316495732815270e-01
6.146635746034256886e-01
5.302952586641882515e-01
4.764005033665508204e-01
4.721868293373524539e-01
4.319929226567695846e-01
6.446771036235716679e-01
6.482124100978916559e-01
6.754137001036433219e-01
3.941215538357684123e-01
4.355508151553675322e-01
4.636659573798223577e-01
7.187423397258685398e-01
4.518686908819737891e-01
4.088907625835093151e-01
7.201592616547383141e-01
7.997373769941726884e-01
6.685028277582159006e-01
7.771196934377702092e-01
6.680189160828053918e-01
8.606076019349492290e-01
8.500992399930111798e-01
8.782689735990196755e-01
6.262527296391171561e-01
8.383964751205731369e-01
5.831940775157000711e-01
8.773377118960052901e-01
7.102598072245753791e-01
6.354982797162151975e-01
9.239672823949796054e-01
9.200213975837996383e-01
8.791852331808989174e-01
9.567470954084772439e-01
7.648674145217240206e-01
8.969502458533451517e-01
8.015254161417777468e-01
8.941396140741642018e-01
7.065608806201642000e-01
1.017671491306464615e+00
8.435698473425946586e-01
8.311667897431205265e-01
9.851945093375733542e-01
9.197206064891141342e-01
7.017439820717679133e-01
8.566162967097366021e-01
1.033673889222234576e+00
7.769173356809467856e-01
9.910122176798872307e-01
9.120484338323926465e-01
9.742397781018916625e-01
1.085543593896951986e+00
1.008876654036062304e+00
1.002072065440442472e+00
1.155861641836251064e+00
9.095763156945910755e-01
7.929816636495351512e-01
1.142616357807538341e+00
1.050160302646164556e+00
9.350072879327817610e-01
1.075988159378685527e+00
7.937881263625155004e-01
1.150552142792992338e+00
9.163579066951481611e-01
9.329095702677561164e-01
8.498025669805471249e-01
9.460890945429356602e-01
9.890538384405185290e-01
1.030585891925095643e+00
1.178865101905360868e+00
1.029571898243383243e+00
8.707313726467426074e-01
8.499468266093535007e-01
1.142757556212192771e+00
1.140365753615115052e+00
1.198737314792236441e+00
1.160081965426605910e+00
1.014010645711605818e+00
1.189400253729744339e+00
1.155496850091879413e+00
9.239611028074109500e-01
9.111850744222462772e-01
8.256584377645269646e-01
9.631494515329095396e-01
1.105733807390187451e+00
9.356152969149165166e-01
9.104634513080759328e-01
9.267210653868090953e-01
1.027051860371479997e+00
9.104800915231732183e-01
9.258778051465035297e-01
8.736035521699201389e-01
8.632833298367262875e-01
1.037880103669027720e+00
8.932563610442016966e-01
9.520713460629103286e-01
7.698265896192806323e-01
1.024951043799952721e+00
7.665398567772309102e-01
1.062605469682192716e+00
1.008286890287322546e+00
1.036781316332543446e+00
7.612402650409088034e-01
9.577529257453045730e-01
7.932742508930232805e-01
8.997579453308858222e-01
1.005723002987657821e+00
9.868524327012129227e-01
8.905499332144650726e-01
6.937541428397682175e-01
7.093033822550715017e-01
7.023388306924129854e-01
7.827883605172227810e-01
9.039210359431666397e-01
8.995748528864278004e-01
7.011209958328369352e-01
7.209626887966983366e-01
8.954845457634651451e-01
9.107046188354732674e-01
9.052530165953240893e-01
8.222915280751683653e-01
8.315827250820788663e-01
8.580328437306337097e-01
8.735620296268262752e-01
7.514035547591177977e-01
6.998423104801917427e-01
5.672999935873820343e-01
5.385603969899479537e-01
5.173377671831761448e-01
4.855422153999747192e-01
7.249693617209668206e-01
5.850314220488195271e-01
6.845730765909449067e-01
7.597720297456915794e-01
5.637820482427013946e-01
4.094110112630356402e-01
4.976762357983735008e-01
3.285088882921159970e-01
6.215742764198741721e-01
3.102684649290238239e-01
4.949772123243349475e-01
6.264297243538974325e-01
5.943253148291685051e-01
6.098861535545816448e-01
2.564875453050252663e-01
2.041505339338733349e-01
5.235365345585363261e-01
4.399582212703878614e-01
3.974168279449339369e-01
4.725199405370953398e-01
1.310760423905167338e-01
2.721992615772824142e-01
3.340339463331691849e-01
2.858737163378165524e-01
8.109586230817134034e-02
7.489181775241757211e-02
1.237712128976046766e-01
1.285391580229004460e-01
3.197132473352137794e-01
1.100135362893428503e-01
3.019222167435555160e-01
5.987295522351047949e-02
7.981504775123127171e-02
2.957288068892832689e-01
1.551943100862916980e-01
1.982594708596223665e-01
4.175906262641559952e-02
1.959932340505529946e-01
1.738857513564819046e-01
-4.001742946209055352e-02
5.083972403156444136e-02
3.491733131579103852e-03
7.359266427516847342e-02
-2.257690612302253597e-01
-2.141850438552557467e-01
8.005550715017326069e-02
-1.524744934184614764e-01
6.666464199909942490e-02
-2.219503051047735098e-01
-7.866200057654731959e-03
-6.224131171698737974e-02
-5.417615649885187956e-03
-3.331147269921129750e-01
-1.517276807243635728e-01
-2.738635647468221634e-01
-3.148484150979586338e-01
-3.377031983615521038e-01
-1.422100209146544003e-01
-2.714677879791731474e-01
-4.261663231760107751e-01
-3.698620410246444834e-01
-1.847755375432909020e-01
-2.495673778734709969e-01
-3.595223289647037079e-01
-4.015668522920979311e-01
-4.924636694179076457e-01
-2.277671941417911405e-01
-5.102912489956051845e-01
-2.908237526508110626e-01
-2.888300056779536384e-01
-3.661444517285488698e-01
-3.140963134649553123e-01
-3.528087670590754343e-01
-4.769182274664673926e-01
-5.123506960793696718e-01
-6.568174947401985708e-01
-4.138387834843924584e-01
-3.587822529247715608e-01
-7.153885739023896351e-01
-5.970225285550903038e-01
-5.710971630451047165e-01
-5.394072431034129256e-01
-8.162419380437182514e-01
-7.510837657934281708e-01
-4.825853619490659274e-01
-7.594712255550685187e-01
-8.567888089079538361e-01
-7.411063369388878330e-01
-5.883536185664246521e-01
-5.925144202774230706e-01
-6.482627836633662044e-01
-8.820733541098846331e-01
-9.168372778174195270e-01
-7.118193031893232936e-01
-6.158555500138660488e-01